0
[1,   100] loss: 2.299
[1,   200] loss: 2.293
[1,   300] loss: 2.284
[1,   400] loss: 2.267
1
[2,   100] loss: 2.227
[2,   200] loss: 2.153
[2,   300] loss: 2.067
[2,   400] loss: 2.029
2
[3,   100] loss: 1.999
[3,   200] loss: 1.967
[3,   300] loss: 1.936
[3,   400] loss: 1.898
3
[4,   100] loss: 1.883
[4,   200] loss: 1.857
[4,   300] loss: 1.840
[4,   400] loss: 1.790
4
[5,   100] loss: 1.776
[5,   200] loss: 1.745
[5,   300] loss: 1.720
[5,   400] loss: 1.709
5
[6,   100] loss: 1.682
[6,   200] loss: 1.645
[6,   300] loss: 1.638
[6,   400] loss: 1.594
6
[7,   100] loss: 1.596
[7,   200] loss: 1.584
[7,   300] loss: 1.552
[7,   400] loss: 1.554
7
[8,   100] loss: 1.534
[8,   200] loss: 1.523
[8,   300] loss: 1.521
[8,   400] loss: 1.488
8
[9,   100] loss: 1.485
[9,   200] loss: 1.480
[9,   300] loss: 1.454
[9,   400] loss: 1.464
9
[10,   100] loss: 1.425
[10,   200] loss: 1.428
[10,   300] loss: 1.433
[10,   400] loss: 1.421
10
[11,   100] loss: 1.406
[11,   200] loss: 1.406
[11,   300] loss: 1.376
[11,   400] loss: 1.383
11
[12,   100] loss: 1.367
[12,   200] loss: 1.365
[12,   300] loss: 1.361
[12,   400] loss: 1.350
12
[13,   100] loss: 1.325
[13,   200] loss: 1.322
[13,   300] loss: 1.323
[13,   400] loss: 1.323
13
[14,   100] loss: 1.305
[14,   200] loss: 1.304
[14,   300] loss: 1.300
[14,   400] loss: 1.289
14
[15,   100] loss: 1.278
[15,   200] loss: 1.248
[15,   300] loss: 1.280
[15,   400] loss: 1.287
15
[16,   100] loss: 1.246
[16,   200] loss: 1.254
[16,   300] loss: 1.252
[16,   400] loss: 1.246
16
[17,   100] loss: 1.233
[17,   200] loss: 1.213
[17,   300] loss: 1.243
[17,   400] loss: 1.216
17
[18,   100] loss: 1.193
[18,   200] loss: 1.199
[18,   300] loss: 1.204
[18,   400] loss: 1.204
18
[19,   100] loss: 1.183
[19,   200] loss: 1.173
[19,   300] loss: 1.184
[19,   400] loss: 1.183
19
[20,   100] loss: 1.153
[20,   200] loss: 1.172
[20,   300] loss: 1.166
[20,   400] loss: 1.155
20
[21,   100] loss: 1.128
[21,   200] loss: 1.140
[21,   300] loss: 1.132
[21,   400] loss: 1.144
21
[22,   100] loss: 1.124
[22,   200] loss: 1.124
[22,   300] loss: 1.114
[22,   400] loss: 1.103
22
[23,   100] loss: 1.094
[23,   200] loss: 1.106
[23,   300] loss: 1.098
[23,   400] loss: 1.089
23
[24,   100] loss: 1.079
[24,   200] loss: 1.072
[24,   300] loss: 1.078
[24,   400] loss: 1.086
24
[25,   100] loss: 1.043
[25,   200] loss: 1.062
[25,   300] loss: 1.060
[25,   400] loss: 1.047
25
[26,   100] loss: 1.019
[26,   200] loss: 1.030
[26,   300] loss: 1.051
[26,   400] loss: 1.056
26
[27,   100] loss: 1.007
[27,   200] loss: 1.014
[27,   300] loss: 1.047
[27,   400] loss: 1.007
27
[28,   100] loss: 0.988
[28,   200] loss: 0.995
[28,   300] loss: 1.016
[28,   400] loss: 1.019
28
[29,   100] loss: 0.981
[29,   200] loss: 0.972
[29,   300] loss: 0.985
[29,   400] loss: 0.987
29
[30,   100] loss: 0.949
[30,   200] loss: 0.975
[30,   300] loss: 0.972
[30,   400] loss: 0.975
30
[31,   100] loss: 0.932
[31,   200] loss: 0.949
[31,   300] loss: 0.943
[31,   400] loss: 0.964
31
[32,   100] loss: 0.922
[32,   200] loss: 0.914
[32,   300] loss: 0.946
[32,   400] loss: 0.942
32
[33,   100] loss: 0.922
[33,   200] loss: 0.922
[33,   300] loss: 0.914
[33,   400] loss: 0.911
33
[34,   100] loss: 0.923
[34,   200] loss: 0.893
[34,   300] loss: 0.906
[34,   400] loss: 0.875
34
[35,   100] loss: 0.872
[35,   200] loss: 0.896
[35,   300] loss: 0.882
[35,   400] loss: 0.888
35
[36,   100] loss: 0.852
[36,   200] loss: 0.867
[36,   300] loss: 0.892
[36,   400] loss: 0.855
36
[37,   100] loss: 0.854
[37,   200] loss: 0.859
[37,   300] loss: 0.825
[37,   400] loss: 0.855
37
[38,   100] loss: 0.835
[38,   200] loss: 0.835
[38,   300] loss: 0.836
[38,   400] loss: 0.831
38
[39,   100] loss: 0.799
[39,   200] loss: 0.832
[39,   300] loss: 0.826
[39,   400] loss: 0.819
39
[40,   100] loss: 0.796
[40,   200] loss: 0.803
[40,   300] loss: 0.817
[40,   400] loss: 0.808
40
[41,   100] loss: 0.781
[41,   200] loss: 0.781
[41,   300] loss: 0.814
[41,   400] loss: 0.786
41
[42,   100] loss: 0.769
[42,   200] loss: 0.767
[42,   300] loss: 0.778
[42,   400] loss: 0.791
42
[43,   100] loss: 0.753
[43,   200] loss: 0.760
[43,   300] loss: 0.748
[43,   400] loss: 0.768
43
[44,   100] loss: 0.742
